board = [
    [1, 0, 6,   0, 0, 2,   3, 0, 0],
    [0, 5, 0,   0, 0, 6,   0, 9, 1],
    [0, 0, 9,   5, 0, 1,   4, 6, 2],

    [0, 3, 7,   9, 0, 5,   0, 0, 0],
    [5, 8, 1,   0, 2, 7,   9, 0, 0],
    [0, 0, 0,   4, 0, 8,   1, 5, 7],

    [0, 0, 0,   2, 6, 0,   5, 4, 0],
    [0, 0, 4,   1, 5, 0,   6, 0, 9],
    [9, 0, 0,   8, 7, 4,   2, 1, 0]
]
37

board = [
    [1, 4, 6,   0, 9, 2,   3, 0, 0],
    [2, 5, 0,   0, 0, 6,   7, 9, 1],
    [0, 7, 9,   5, 8, 1,   4, 6, 2],

    [0, 3, 7,   9, 0, 5,   8, 0, 6],
    [5, 8, 1,   0, 2, 7,   9, 3, 0],
    [6, 0, 2,   4, 0, 8,   1, 5, 7],

    [7, 0, 3,   2, 6, 0,   5, 4, 0],
    [8, 0, 4,   1, 5, 3,   6, 0, 9],
    [9, 0, 5,   8, 7, 4,   2, 1, 0]
]
21

board = [
    [1, 0, 6,   0, 9, 2,   3, 0, 0],
    [2, 5, 0,   0, 0, 6,   7, 9, 1],
    [0, 0, 9,   5, 0, 1,   4, 6, 2],

    [0, 3, 7,   9, 0, 5,   0, 0, 6],
    [5, 8, 1,   0, 2, 7,   9, 0, 0],
    [0, 0, 2,   4, 0, 8,   1, 5, 7],

    [7, 0, 0,   2, 6, 0,   5, 4, 0],
    [0, 0, 4,   1, 5, 3,   6, 0, 9],
    [9, 0, 0,   8, 7, 4,   2, 1, 0]
]
30